30 November 2006 05:55:38 AM

MACHAR_PRB
  (C version)
  Tests for the C++ MACHAR machine
  characteristic routines.

TEST01
  Test R4_MACHAR, which computes single
  precision machine constants.

  IBETA =  2
  IT =     24
  IRND =   2
  NGRD =   0
  MACHEP = -23
  NEGEP =  -24
  IEXP =   8
  MINEXP = -126
  MAXEXP = 128
  EPS =    1.192093e-07
  EPSNEG = 5.960464e-08
  XMIN =   1.175494e-38
  XMAX =   3.402823e+38

TEST02
  Test R8_MACHAR, which computes double
  precision machine constants.

  IBETA =  2
  IT =     53
  IRND =   2
  NGRD =   0
  MACHEP = -52
  NEGEP =  -53
  IEXP =   11
  MINEXP = -1022
  MAXEXP = 1024
  EPS =    0.000000
  EPSNEG = 0.000000
  XMIN =   0.000000
  XMAX =   179769313486231570814527423731704356798070567525844996598917476803157260780028538760589558632766878171540458953514382464234321326889464182768467546703537516986049910576551282076245490090389328944075868508455133942304583236903222948165808559332123348274797826204144723168738177180919299881250404026184124858368.000000

MACHAR_PRB
  Normal end of execution.

30 November 2006 05:55:38 AM
